16
25
43
62
77
89
130
158
171
196
209
239
253
272
329
344
377
405
417
426
473
495
520
573
625
648
702
752
765
777
791
814
836
846
879
955
975
1039
1095
1135
1184
1195
1209
1266
1280
1307
1343
1381
1444
1481
1533
1549
1608
1633
1651
1676
1713
1725
1782
1792
1821
1847
1879
1922
1970
2029
2051
2060
2080
2162
2203
2223
2278
2317
2354
2364
2388
2448
2510
2521
2546
2580
2659
2732
2758
2771
2802
2853
2878
2896
2920
2956
3038
3061
3094
3150
3200
3243
3292
3366
3422
3435
3453
3480
3518
3611
3636
3727
3743
3767
3798
3814
3851
3947
4026
4094
4117
4177
4240
4310
4366
4418
4468
4546
4601
4631
4724
4775
4867
4999
5010
5019
5073
5110
5166
5225
5281
5338
5351
5445
5516
5629
5641
5686
5744
5799
5851
5863
5872
5997
6078
6186
6205
6321
6409
6522
6577
6730
6794
6882
7016
7108
7173
7233
7269
7323
7409
7526
7594
7612
7735
7789
7866
7965
8045
8150
8161
8223
8234
8332
8429
8484
8551
8610
